11111 66.54661816069122 420.6765360686786 366.0161892662746 0.0
11342 166.62777543923198 349.3072050276564 134.4950135274007 0.0
11573 5.9068749680177355 357.4422664804867 199.2047139714882 0.0
11804 145.36933783824065 340.8705334726296 104.63325386538298 0.0
12035 152.5114328033303 201.04495452961714 115.02991220997994 0.0
12266 113.70910586676624 155.33517759780662 390.1038014865081 0.0
12497 22.837637385081138 24.503903020959967 439.9669631055165 0.0
12728 49.91950150168201 290.8225289984469 224.720402481772 0.0
12959 86.04576479253195 5.741881760001025 189.59592504947565 0.0
13190 84.32142083277046 76.60084509478811 318.2977762246197 0.0
13421 63.00881457284008 481.572641106789 70.58697962347009 0.0
13652 42.592034252591866 145.86733552702148 154.9537353232459 0.0
13883 44.91333313731288 65.56152321481453 67.26887704032221 0.0
14114 248.8559238810139 212.6060771067544 302.64281934381063 0.0
14345 214.9191530289334 232.39090832908843 79.3468120089417 0.0
14576 237.90088216472876 411.72077471454014 498.4011540968303 0.0
14807 56.25203374809833 275.88502053022563 317.46179383581875 0.0
15038 77.19645288529685 22.959726646344084 85.41456336384717 0.0
15269 26.663254799361674 140.04587985483877 27.59715595166114 0.0
15500 202.77309086696587 113.45843095285178 180.50789391633558 0.0
15731 148.43904882019442 395.9386676708901 424.5593211971338 0.0
15962 489.10157653124264 68.31688010891736 300.9327641506791 0.0
16193 72.11030831641797 130.46086152699505 91.28269105502633 0.0
16424 117.54777010519084 285.0028846093373 100.91563261946015 0.0
16655 213.7447077034554 262.5366783963903 29.485349290457435 0.0
16886 195.76618892430577 17.920464977678304 267.0859564045512 0.0
17117 239.04064986702483 102.7573272806793 115.65507876763853 0.0
17348 446.721509280274 281.6715148467507 310.8015646353863 0.0
17579 106.73766014234108 136.76409879459214 182.72336317372876 0.0
17810 51.12043159013126 57.234956355275955 34.47019335889725 0.0
18041 286.07408795831293 304.56093845464875 187.23720934331513 0.0
18272 73.30560590971724 47.9571616324538 269.2632462499714 0.0
18503 385.79602460633186 137.38890023697414 56.45817297619425 0.0
18734 84.73757200842259 415.53227821913754 158.32293917285986 0.0
18965 186.36803666273377 417.7536351597577 287.8362826172138 0.0
19196 221.2839359737986 168.70657004068894 24.045007875773337 0.0
19427 195.58108510645258 54.16135570620987 184.56415658251194 0.0
19658 44.19716912078782 21.02022458239565 158.42551067442494 0.0
19889 158.85105186503012 34.81170949053831 14.99222901709859 0.0
20120 100.77760141055548 183.55445657846664 204.31473757517531 0.0
20351 110.51307134625445 303.2722241052908 84.15637938356369 0.0
20582 215.08614487904717 76.93792276582373 258.3210280320551 0.0
20813 54.95728129625608 236.17417844225335 59.683931404686724 0.0
21044 200.75995823931208 5.426609201843101 225.1255041990331 0.0
21275 503.6830247131706 443.226022429986 73.95891732616984 0.0
21506 152.2396890637623 281.04451965414916 265.8134841018091 0.0
21737 156.60094770033305 124.45662914030991 24.688722658181952 0.0
21968 14.946773385446075 72.79992888201579 285.34808356810817 0.0
22199 69.25621528842584 310.43332272386766 119.2611465603804 0.0
22430 53.52226329707044 156.81465705818948 371.6024241303189 0.0
22661 155.86227090165463 341.9202083391582 48.56384197880998 0.0
22892 415.3276436359308 126.44605097389439 109.09312646753658 0.0
23123 195.54444624481914 131.82424195776608 3.2782422554427946 0.0
23354 492.3423833195042 18.276702796834865 60.84150843421958 0.0
23585 244.0694793506616 98.48129349457734 387.57145492541116 0.0
23816 355.80264959254544 107.7425393914654 424.4757889645385 0.0
24047 136.00343923679551 220.0365751629554 10.558529150278748 0.0
24278 129.23877440601603 130.50551937833276 303.14066623592714 0.0
24509 376.4600080147139 213.21517179706024 315.41909541124 0.0
24740 102.6965604158473 159.1579180635551 13.678240671993198 0.0
24971 208.2551651733704 131.88718144889623 332.2265838106869 0.0
25202 67.58481936626201 248.75020291938813 105.66190067956984 0.0
25433 136.91338211446012 79.19595484797271 228.8028833013058 0.0
25664 253.61086190436836 126.42656050346405 197.56501574011492 0.0
25895 67.45012844953942 220.24413938151335 292.0093371173664 0.0
26126 159.73641321109298 130.99967907295232 474.8954956131915 0.0
26357 211.79733586878098 111.5961234352724 73.26028111790693 0.0
26588 51.05325881066399 351.4994282181144 76.74733409279372 0.0
26819 79.93328349588734 209.29226192502705 48.296766871354826 0.0
27050 20.342409043824357 85.9567461755891 188.4257438766945 0.0
27281 418.2290485775618 102.3676472890756 21.95826035347599 0.0
27512 109.57337804652322 136.61037011686452 75.29997493769011 0.0
27743 173.2630172589133 55.657935320077975 249.50014930056773 0.0
27974 219.06032283564664 68.8919981672615 153.14070738241097 0.0
28205 198.2802128696437 9.84441346744994 25.41917281242797 0.0
28436 202.93909032032718 9.213835656635464 177.8042465756655 0.0
28667 140.24305023403718 108.01353324725497 95.08388825519711 0.0
28898 88.38355464443318 221.16887624924956 367.7351042262608 0.0
29129 90.79786552658092 261.48885928714105 319.5508113227713 0.0
29360 261.7958879437293 255.04845043675343 134.08431397716143 0.0
29591 40.95183833375403 288.99384934766647 272.03559119216885 0.0
29822 235.09916382129109 48.84937338002745 336.611731461318 0.0
30053 156.08950196806435 201.4730081888333 222.7255205164022 0.0
30284 156.24018028807603 361.3776586033708 443.5753432034989 0.0
30515 81.61792289111149 145.54495459645926 511.9593553007139 0.0
30746 6.295150699122782 209.39341799804382 156.31349099938186 0.0
30977 75.39895428449134 247.58316365049166 104.64348824111008 0.0
31208 97.48620374397136 29.94749712771213 54.57952692296934 0.0
31439 323.38309089864805 231.85507393264484 73.0782016317161 0.0
31670 256.5413009304559 42.70603359179121 40.11376132972991 0.0
31901 270.71553763603197 31.191274425812853 174.7145443965903 0.0
32132 153.73337977742193 87.16532570783599 219.09538994457026 0.0
32363 176.8269242968064 20.32698287516223 436.4782076794241 0.0
32594 225.56204619305686 13.941252574584913 45.350726249079024 0.0
32825 146.22077378169593 246.17137463339145 97.8893335241498 0.0
33056 37.72831227882553 113.93986260493205 72.1581420778752 0.0
33287 101.06810414268621 52.776717881792386 106.56100372015578 0.0
33518 140.25097003865486 67.07246941958643 183.56370320547353 0.0
33749 346.3915748006761 196.09066165135573 160.3418676687546 0.0
33980 72.21228626200488 473.06305051037816 31.22616590398011 0.0
34211 175.33823193306372 17.03050840843552 234.98269325467356 0.0
34442 181.9647532752678 201.2668957198082 298.75577013532705 0.0
34673 285.89425272396613 135.17594747477673 239.42950092285886 0.0
34904 113.29466409400924 220.21949432886697 255.59539975554955 0.0
35135 46.017588542233234 26.952720128079804 19.168534744366692 0.0
35366 329.7247732897045 164.41927599886583 191.43899077775458 0.0
35597 128.15529810809062 140.88189495189943 45.80468732860819 0.0
35828 184.27843008519463 275.1148755716313 268.54016431736704 0.0
36059 27.853213715911373 182.31603578000122 221.40535724410176 0.0
36290 320.4543561255943 29.312398483663603 59.51066038290376 0.0
36521 220.5026964347314 151.90766441966693 150.92306422467348 0.0
36752 55.3736771671741 337.3622335182477 358.66594011935786 0.0
36983 223.06775496040993 154.44649836641742 443.45172672995227 0.0
37214 133.65310759579293 163.98738383551853 284.3658007123465 0.0
37445 166.81316803321528 119.70913786682878 277.7701808361785 0.0
37676 64.44810843828051 111.84407748592719 44.932926468032306 0.0
37907 285.95908619443907 272.6347523989066 67.43123652140233 0.0
38138 3.630910536274801 217.15259520536054 347.351147030267 0.0
38369 177.900128640351 170.13788469784612 211.30666882011954 0.0
38600 403.2079629553418 343.98183663026174 78.34053270309221 0.0
38831 134.49989879858373 49.0601222788205 36.14740438546632 0.0
39062 98.81739718061196 183.85096876279974 222.8351305998751 0.0
39293 45.11530711875434 67.01035836021504 73.98999657343205 0.0
39524 249.57304097879526 270.070267088489 143.9799242975413 0.0
39755 28.834655652319004 370.03033383808116 104.28804258165093 0.0
39986 55.710316029242705 161.94324991785038 336.0373984539639 0.0
40217 142.2432647599004 30.064873228069242 17.032999350067808 0.0
40448 26.601085176942185 42.191993531500174 320.0204878179534 0.0
40679 89.37251418220583 226.5339171028758 69.61424178314456 0.0
40910 109.69981857172002 51.07571938168818 180.57577575497285 0.0
41141 105.26471249750749 54.64447611154074 132.9704404200003 0.0
41372 413.66480467559495 18.24027466942076 334.55175617342786 0.0
41603 182.04029590538133 211.4154466697878 475.77587787263616 0.0
41834 11.596873910844465 15.395226494556159 80.59031915267734 0.0
42065 51.31967940362089 33.33357560588444 35.41729897408472 0.0
42296 170.80256961690637 120.49345203563513 532.1049870914404 0.0
42527 50.743989024810055 115.17773901215742 138.78108908778088 0.0
42758 204.892497826683 135.15986996747728 188.56908389057912 0.0
42989 28.88966317388028 366.5372541128611 189.01495199676842 0.0
43220 348.07161341076767 32.408153183589704 232.07782295850083 0.0
43451 189.09916943021582 217.41418830997736 58.60767437267256 0.0
43682 230.05775938026963 75.76107153036925 212.4948923513883 0.0
43913 68.26094002426898 242.76608615892144 32.38854970509722 0.0
44144 317.7940946909938 159.85194388532952 221.58662430579557 0.0
44375 224.0042658645246 276.2774846281246 344.91918489158894 0.0
44606 175.9193198069463 473.9887995649951 293.3415777112612 0.0
44837 26.33483451298481 67.31426329495993 89.60142394450241 0.0
45068 343.1830662731144 102.46588640813329 138.2984882348096 0.0
45299 2.264136231127708 2.122551424089739 101.65421853494938 0.0
45530 212.77668083863074 124.98889686713237 347.61908785852216 0.0
45761 244.44170926329454 224.21895062559955 444.5372327763094 0.0
45992 206.42816688807173 80.50369705768298 195.69535317751783 0.0
46223 172.82359742424504 95.29552793590082 114.52425137203967 0.0
46454 138.62631574279945 510.8886589082171 9.70816356679413 0.0
46685 281.54640745953776 239.05743712099823 91.8921630922082 0.0
46916 190.29000781502663 98.10393421802176 327.7101638074149 0.0
47147 317.3277421631731 214.02710099671256 135.4596837989451 0.0
47378 293.9616469431709 187.25270717716418 11.902190577827332 0.0
47609 84.96118909739556 169.97790328729553 73.40389326343147 0.0
47840 17.451823793490316 179.33933016257544 26.2657076389025 0.0
48071 29.635418800136993 157.96801685880652 179.23048366052495 0.0
48302 182.96322797735996 7.270476315675747 220.459604096737 0.0
48533 183.2866055690142 350.1158704410648 53.281957155258766 0.0
48764 266.5480991848727 64.95704714132444 232.80974074239177 0.0
48995 165.88815001961547 8.53297539838403 63.398131782478224 0.0
49226 76.73880520298366 339.26746281416484 0.01670485435335234 0.0
49457 119.72835862149958 134.30135787512904 200.69507199854934 0.0
49688 69.46280849252189 92.17093764200027 152.18925770532064 0.0
49919 56.13820908297868 139.35786022590798 193.62531676579914 0.0
50150 81.56673891354443 166.89946236533754 1.3711008569962595 0.0
50381 174.82911758539908 387.43571074621315 101.17188959868844 0.0
50612 334.8336689093532 209.69288220541057 75.06902551463367 0.0
50843 261.81320695636475 187.52570569347105 259.5284359484605 0.0
51074 50.41707130307022 234.7478731622766 159.85432694692562 0.0
51305 306.0169004693724 166.93530756371936 237.93617725570647 0.0
51536 203.6855614294229 59.28259236821053 121.23227967941403 0.0
51767 209.19425793441567 24.099208754444135 10.42702266631116 0.0
51998 367.29667345884485 31.849662491452975 49.34197770852363 0.0
52229 183.71339018092243 96.57716903139129 30.668539738752497 0.0
52460 69.27817521016459 13.2892455390431 245.59177737911548 0.0
52691 117.29959327202104 262.1230954379586 253.07430214667684 0.0
52922 140.57146234995326 173.0657022532996 111.08766924431058 0.0
53153 277.7684706054797 297.1401613000364 254.46387467881397 0.0
53384 219.84372555375984 328.550291812573 245.68739074486365 0.0
53615 262.7981821985113 23.371955046089337 159.54597651622367 0.0
53846 248.2377240013171 309.67227373433684 324.7637618650848 0.0
54077 133.66719567124647 1.4023945418848716 68.87987482547533 0.0
54308 26.589964941539527 130.66884231123922 278.85781402387306 0.0
54539 77.03925796553892 183.9794417285642 251.24010307663835 0.0
54770 88.78259057100044 55.65198299675168 4.948383054365182 0.0
55001 450.27652821084826 66.19840151491532 281.4476490514444 0.0
55232 222.52960586871214 431.8786656595741 79.31354417531682 0.0
55463 154.03475925688716 10.518281442796255 53.28475108551104 0.0
55694 54.0534593592602 141.13115214039038 199.9139177568881 0.0
55925 62.19520682224791 89.95685145264343 303.79062423934977 0.0
56156 263.48188478090873 271.2477186870416 51.39786622734202 0.0
56387 141.18351300339123 106.67460749957165 491.62347746333154 0.0
56618 3.9237722661927403 32.887758538480334 125.16557444497838 0.0
56849 237.96741198704984 110.23331951752797 16.06819275349873 0.0
57080 187.1413738578509 71.2038474825484 46.197991490654864 0.0
